0.04097834446119276,-0.012753598506462037,0.03050590502360933
0.08136113171520404,-0.01423905274189358,0.03257347571993906
0.12068415112088066,-0.012399586073201636,0.029275260421383113
0.17187889140832027,-0.013449816288240912,0.030931863018985886
0.21431425927841224,-0.014391821959978682,0.03213278060542436
0.22509123103089812,-0.014668987155747661,0.03232934544724138
0.31869346678753263,-0.018288158635575955,0.03468858351972459
0.36962779214937,-0.016321770705612047,0.03023063125699979
0.3768471112870246,-0.01661400095859053,0.03052211230254096
0.429887080897069,-0.018459880293073896,0.03266290332207106
0.546055864642014,-0.021937523717074282,0.03616214960769053
0.6165744245616318,-0.02442542367511552,0.03978383973480269
0.675015496230832,-0.02871679706110475,0.039868817667974
0.684255893885747,-0.0290455547437031,0.04040920671238683
0.7498008238699372,-0.03128216753743053,0.043939684888918404
0.8362767948732218,-0.034891524280441524,0.04819604485089622
0.9259908519750476,-0.03843611481491456,0.052143102984387193
1.0300745950337622,-0.04208077222036026,0.057647838542033605
1.152925533630779,-0.046108307613426915,0.05920203650685418
1.175411822761479,-0.04699517346088357,0.06073350493656124
1.3572798782040416,-0.054338111285298765,0.07364713578687752
1.473902350634914,-0.05937782320308729,0.08091078499342227
1.5096628065451172,-0.06105476493478574,0.08309147087556816
1.5781562827962472,-0.04410564983051523,0.08468329615052711
1.7240879485877607,-0.04985782142025315,0.09400808246572744
1.9098738119446754,-0.05762279401810029,0.10702907745168815
1.922365982652441,-0.05827313185723796,0.10793412946684058
2.010372503608341,-0.06325301689365731,0.1143023480473558
2.2045282755857523,-0.06936593553184811,0.12728496031185155
2.2422953506015038,-0.07292642016607256,0.1301454054945197
2.2673243702028025,-0.07549526986731411,0.13207879088643026
2.354763862392828,-0.08558259605494178,0.13908768651716164
2.465910902846757,-0.10156739784698057,0.14903636355842476
2.5977358333890113,-0.11846230706997779,0.15909261465714922
2.693594120009327,-0.1383277350484127,0.16772733304495657
2.7176427595002774,-0.1437397198008227,0.16985486513639805
2.9097129195532343,-0.19359103497411445,0.1873470031576585
2.921576046111814,-0.1970426271182403,0.18842682196037633
2.9334533355468295,-0.20057749880519996,0.18953862775764607
3.0226646580343037,-0.2073347195042144,0.1955114477015597
3.126994333008424,-0.24202485892539713,0.20689797246683117
3.2281754557722167,-0.2791936065748364,0.21810533072976485
3.327056400018345,-0.31906476901286385,0.22842788359387003
3.433593365288339,-0.36740690590818414,0.23921360205083658
3.513321701671103,-0.40038538806796375,0.24562027906447192
3.5336933857003494,-0.41083889037673504,0.24784141462699807
3.6042861473739833,-0.4480800796950095,0.25585469223774804
3.6929653990391706,-0.4967254663015136,0.26681815687687754
3.7887940894250347,-0.551529647823932,0.2787720188095203
3.8753082143121587,-0.6146821498961659,0.2846715455773236
3.8937501166324386,-0.626304979138439,0.28691257517903623
3.957565615470351,-0.6675995762585205,0.2946825936833523
4.046432193028422,-0.7277717749743948,0.3062824367768635
4.1244283515965305,-0.7821465100622348,0.3169180088441212
4.1415350457857265,-0.7942513337420395,0.3192601900460937
4.251991588207707,-0.8745082862959117,0.3316884644009822
4.284775823490206,-0.8977928045394488,0.3364640534907062
4.301119726957718,-0.9094720934049703,0.338870275621156
4.358129583026741,-0.9504124155613443,0.34740925691099245
4.494025544319253,-1.0509317823790596,0.36764805698406544
4.509726105196722,-1.0628230704786963,0.3700018621092094
4.588537367422275,-1.1378631832869446,0.3792322242632158
4.650121390742383,-1.1873856014787414,0.3893144817030716
4.725284059558904,-1.2474510698530967,0.4011238353776002
4.829743014144358,-1.332514179833818,0.41673479193877155
4.837193510522917,-1.338674548639902,0.4178698773031024
4.907585976810388,-1.408262434219747,0.4230802658633873
4.967149066135751,-1.458239287851124,0.4311762364898865
4.982050372755424,-1.470712404636357,0.43318655538256895
5.103054045196163,-1.573243198553598,0.45189899171597525
5.11068304341792,-1.579641737580942,0.45320068183751594
5.118343858049901,-1.5860394334743182,0.4545223283166416
5.185526021951042,-1.643076848198406,0.4631813539558344
5.253906371784016,-1.6998194076860016,0.4735820962828051
5.321644447987443,-1.7569922190383918,0.485001561032979
5.396980395246669,-1.8211751423572453,0.49899578095588226
5.456874441109241,-1.87177177433196,0.5109965239567302
5.5096418569374,-1.9363555497554832,0.5172413038624215
5.5242537175435285,-1.948683906421009,0.5201153076075135
5.589483738227227,-2.003203652914137,0.5329334446014106
5.660058907450296,-2.0628344196866077,0.5464995343731772
5.708757725664698,-2.104822547035537,0.5561394786550485
5.763713537599275,-2.1521956828970286,0.5670369683675399
5.849762683473557,-2.2277884344330987,0.5834941237519338
5.903867141697599,-2.2731260242981426,0.5946010348565327
5.958296138014786,-2.318994129634886,0.6061187542954275
6.073300549201105,-2.410189262586642,0.6286295978905085
6.086503750930601,-2.4210967457132275,0.6311559731298786
6.139638320110122,-2.464951196995232,0.6415806144469409
6.2195416884394685,-2.531357258710803,0.6579418546686552
6.2729803836588465,-2.57591566953126,0.6681696261318242
6.31163099602529,-2.6146817897857835,0.6704705781908463
6.3794359689503235,-2.671176324904217,0.6832748166390867
6.428221533112677,-2.7106529476967895,0.6926584500794918
6.4995868272551505,-2.7661154882059518,0.7062992736889198
6.506782837404089,-2.7715667525454037,0.707598842941746
6.579043892517277,-2.8259310507245923,0.7205108518331378
6.632862554404933,-2.8758333689814894,0.7277397785146686
6.647351339938921,-2.8870449368028903,0.7304361088307733
6.697902332546943,-2.926383479375774,0.7395787912329317
6.763639506937997,-2.976626978517765,0.7508367408747069
6.82972953147171,-3.025561648917538,0.7628386155287572
6.909076473731218,-3.0743524362792503,0.7731108293123046
6.969782834709807,-3.117132394124205,0.7840911773466259
6.985122378364347,-3.127674600957265,0.7867404408691608
7.077959371283333,-3.1905844303412043,0.8017400792852667
7.187930669964023,-3.265298530442797,0.8195448227541303
7.20093132837388,-3.270739043337672,0.8152682387831585
7.330235256212007,-3.3570900185779076,0.8367764407204658
7.401681886913813,-3.404929818799213,0.84889667970871
7.417399196274308,-3.4152750701925676,0.8515514486431244
7.479980824259598,-3.455127628796881,0.8623085525690879
7.5459034144319865,-3.501787164739949,0.8685496616609439
7.615706550948601,-3.5415213388568105,0.879061342975621
7.685271264425934,-3.579851809255678,0.889237028108788
7.762384621533378,-3.6213573643478254,0.8999439067499734
7.817470918682114,-3.651172463310088,0.9047704972965452
7.833297208692924,-3.6592235868486473,0.9069233156685262
7.888903066317151,-3.687056450456191,0.9146912989879866
7.968988837387521,-3.7256400915215124,0.9265006894371532
8.033566492932966,-3.7551101074169404,0.9361065948249263
8.04967230472252,-3.7623282686570207,0.9383761715576193
8.113939585295782,-3.7906241186799234,0.9470649795060232
8.204157620786496,-3.8134556586321393,0.9522158459627786
8.338311630609525,-3.8668841120115465,0.9693050415814488
8.409665465036861,-3.8923198809096546,0.9779305677923081
8.48988976883815,-3.9191308774270115,0.9856492552533738
8.56340672369016,-3.9422936320244064,0.9948507428588419
8.579767546847476,-3.947165128183943,0.996860094964714
8.71231445744494,-3.9835616258371203,1.0117368719652604
8.786655073628319,-4.0123593527326795,1.0202298149963007
8.795368956187101,-4.014556810234672,1.0213135971501972
8.898983214533517,-4.03999201786982,1.0339822994410386
8.967777395356807,-4.055061136084493,1.0419099949483484
9.062350457255665,-4.073595086014215,1.0527547735868932
9.173266837522162,-4.078698209532681,1.0617625945802471
9.190473529292378,-4.081249318297649,1.06374236032826
9.294221090933931,-4.094977881057136,1.0747431549506434
9.35589387363856,-4.101389166277212,1.0806931260393693
9.446293877070568,-4.109707765058854,1.0896259100918941
9.528818972974353,-4.116857977719046,1.0982371778856956
9.60513641025974,-4.109022438191868,1.1001327608913312
9.746803238716563,-4.116866959296554,1.114855267960853
9.812353247777644,-4.120045588385057,1.1214844710046914
9.831005542635797,-4.1208162085395585,1.1232796999444556
9.858979712360846,-4.121910835637566,1.1258444447420626
9.925949852372458,-4.138491443440752,1.1326882363018234
10.009300548379997,-4.140693787301473,1.1392326748605512
10.093226033143734,-4.1418382158258,1.1458673400860946
10.187381880154186,-4.141928938151307,1.1543933749471817
10.25989167563445,-4.142073375484641,1.162232037739774
10.279026367230735,-4.141406687714762,1.1638397756533907
10.38328515911085,-4.136501455746224,1.1724779700453138
10.51776629009256,-4.128308781647271,1.1837227164025836
10.537299981871321,-4.127067987578341,1.1853655853978688
10.697687527910798,-4.096579259723536,1.1865245797611637
10.717045679404402,-4.094771643706124,1.1880419028000762
10.833180094419536,-4.082891795591391,1.1978119950848205
10.959470859996355,-4.066071904279872,1.208475536509053
10.978528974173281,-4.063243043488827,1.2100281927196825
11.084557228934804,-4.054775272743968,1.2151022093034058
11.169014249497227,-4.040809503336559,1.2225132033175354
11.22472406559037,-4.0297128233429635,1.227387075928686
11.233925768450224,-4.027735337297258,1.2281623911309218
11.297845671741895,-4.012550723688891,1.2334811700515886
11.378824338134,-3.9905215073939013,1.2404115883949733
11.450521149407452,-3.994093470777577,1.2489738913397708
11.534519010294721,-3.963461582325047,1.2575441614523917
11.599276496483673,-3.9376623337742394,1.2637685607181204
11.615285909751256,-3.931040365263738,1.2652829053165968
11.687117150695695,-3.9006658507618357,1.27207851261563
11.751765546879442,-3.8645688992594827,1.2719110123325517
11.813176219745547,-3.836329658499555,1.2779666822491147
11.828232742714027,-3.829098594579427,1.279503233105283
11.945719679119993,-3.767429832792884,1.29110980871025
12.009775661084845,-3.7294525358940027,1.2983666603361408
12.016786943668398,-3.7251629819438024,1.2992030527604435
12.018478077554807,-3.696722920158625,1.294640770312748
12.066538438642787,-3.6648627541462733,1.2996675956424104
12.128887300298539,-3.6215232095669925,1.305382878833437
12.1920510082039,-3.575750149334577,1.311525708169081
12.296616134368193,-3.498191025753862,1.3237917974289004
12.322303767437266,-3.49533463312382,1.3283291325759534
12.335774060540878,-3.485157112993719,1.330132843124668
12.40287663755059,-3.4335815240217746,1.3390327153778552
12.456234000263715,-3.3911291006968662,1.3460625310849783
12.495732889690558,-3.3589524515925953,1.3512507931592728
12.508690034123866,-3.348250675412886,1.352819747188932
12.56020608438744,-3.304931640791903,1.358596979228435
12.63828529965845,-3.254835356831861,1.36696207147918
12.718978918253244,-3.181063075737754,1.3781575903897905
12.73305902472784,-3.1682057383109545,1.380470473719168
12.79024311808821,-3.11527222217204,1.3900687052560026
12.83971717564288,-3.0482326145921643,1.39390843488501
12.906265426000628,-2.9839797649273754,1.4051887729402692
12.979229990672941,-2.9130284415313925,1.417739891220867
13.037465102137208,-2.8547533892198684,1.4273268159574908
13.052130217381235,-2.8399913899005216,1.4296568762415167
13.136046044082768,-2.7447628123230166,1.439297089255433
13.173360895180116,-2.7067793680159076,1.4450556868389928
13.239831320354213,-2.636617647214749,1.4556692669801905
13.25456413892937,-2.6205204453958233,1.4581192762711044
13.30669132881823,-2.5629879491263488,1.4673720284582394
13.380921641378755,-2.4784407686022063,1.4815665884984819
13.451761561581563,-2.427076671187662,1.4961726054651525
13.5090662153127,-2.3583237996165582,1.5053522410651026
13.523345318404,-2.34094993407586,1.5077832316344952
13.573554804115824,-2.2799792290818672,1.5167492188342044
13.638501891050069,-2.2004152058715745,1.5289721454928733
13.703922477642791,-2.1194417643923424,1.541541537663524
13.778850505076909,-2.052811075886831,1.553095854896848
13.837964595700754,-1.9813639143957347,1.5641130756554218
13.852953535322005,-1.9636418516935361,1.566779034257022
13.906043653098504,-1.9019700054934057,1.5763460617782332
13.974417605090808,-1.8233974973791232,1.5885383678766551
14.064865812083664,-1.7031589662220799,1.6024101276714422
14.130420364492077,-1.629877515366688,1.6148368131452593
14.206065813629834,-1.547968657451897,1.629605945089355
14.22293054263357,-1.5297941121183132,1.6327699647654055
14.283016099041511,-1.466764493432812,1.6435367605697235
14.371711724808575,-1.3751266975395908,1.6541523075399118
14.44049219848168,-1.302897814286637,1.666534043432444
14.457459590523495,-1.2847602977059709,1.6696787419763273
14.508204142080837,-1.2304036827771205,1.6792008251965305
14.591399333684985,-1.1421343459465574,1.6941870127542098
14.6831667813672,-1.0467183523878227,1.7098013925638427
14.771125634171453,-1.001839285337733,1.7225828692077032
14.88144122004458,-0.8941561876927869,1.7408601449419043
14.976604839578613,-0.8014826558340586,1.7570724697678028
14.985265925372751,-0.7931568739110588,1.758564240005634
15.133971048142838,-0.6701279692032238,1.773174697441895
15.161141522055257,-0.6455737101561663,1.7770649142681525
15.179234104171373,-0.6293087099659777,1.779601330018519
15.322534847321025,-0.5013985384650109,1.799783672840341
15.402045414763002,-0.4300612035419591,1.8115004302625781
15.419494244362747,-0.4144819264912907,1.8139197869163812
15.569834565767122,-0.264349969065952,1.8273100925123507
15.60531677519027,-0.2339614065677863,1.83195598860271
15.738547651201518,-0.12245920547077405,1.848779681119528
15.819185507172214,-0.056346520580043524,1.8593654225457896
15.828205842647508,-0.04895266852486335,1.8606027767769688
15.837282013113533,-0.04152184242663459,1.861857897997061
15.915104148705963,-0.0016060852763234434,1.8703167270205154
15.991362351835715,0.055619913737707916,1.8798803633081305
16.079538124527605,0.11726539987960627,1.8906548887582864
16.180515201327037,0.18124709987928722,1.902627589014883
16.262368459829673,0.22972059179841087,1.9118774224785524
16.292583394715255,0.21926602957923336,1.910092898638517
16.45860303018634,0.30509631934452675,1.9271212144010275
16.55309024310935,0.3470956576071885,1.9370796047776857
16.56363143987962,0.35142004170334207,1.9382128576567632
16.574200937145562,0.3557248379592236,1.9393396474168798
16.762949260862836,0.4423134915399728,1.9535098279559227
16.858862773204788,0.47704760895042786,1.9627825251391022
16.88018108387668,0.48453065104064974,1.9648563896866613
16.954717824533887,0.5097865427666416,1.972390196748674
17.060755429299142,0.5431691261088095,1.9829280336656274
17.145417305769644,0.568289629105154,1.9913961175999373
17.20117092395568,0.5888550614430874,1.9887517083236426
17.29776996439496,0.6160486371013383,1.9985058516484229
17.468072259355775,0.6604245101277335,2.014553807944525
17.489160288170634,0.6655498147127241,2.016404921919682
17.595024668267925,0.6746036232546574,2.0208626496326105
17.711960176199565,0.6969957445474326,2.0314488582526398
17.871120167711197,0.7224664169907246,2.045489876104573
17.892495565776322,0.7255604558274239,2.047347200378955
17.968008140198073,0.7360718648073706,2.0539347153944414
18.07260800947871,0.7427738352638443,2.060873377095884
18.171112113503828,0.7538493658769039,2.069405417355011
18.28206409372924,0.764172178838628,2.079527851242883
18.380469375188138,0.7707630517038055,2.08835497895545
18.40203404667853,0.7719614748897656,2.090270022577237
18.548557262103017,0.7945408766733129,2.102979229555313
18.6120558644401,0.7962242794168443,2.108418331194604
18.768153111928605,0.7962166449789214,2.1212362213247533
18.86080431579853,0.7936086413416201,2.1294675221444055
18.88122532046104,0.79280943040448,2.131353183167013
18.967059908570413,0.7951440460401789,2.1353828703803583
19.049227369082907,0.7909788650659386,2.1433820764769522
19.141144815248335,0.7855868140919309,2.1522394558114066
19.28512845840367,0.7753822984287045,2.165900431892042
19.433100300552304,0.7559083816458056,2.175124920978137
19.453770898840247,0.754211852677378,2.1772057342601605
19.546018109168642,0.7468139828513681,2.186625496821693
19.636617173007462,0.7387830042513449,2.195698812810769
19.736256117153985,0.7285858920820591,2.206333688371789
19.873849463591778,0.7176287384942214,2.2152241632599683
19.983667008044996,0.7026012706177738,2.2258605802615627
20.0038527288752,0.6998327715317586,2.2279069629487323
20.165959835267262,0.6740029466379813,2.2459327218867657
20.248704237574007,0.6695968405831004,2.2546509791476432
20.26877455183612,0.6657071374498583,2.257017557209735
20.328675044184973,0.6534027624810825,2.264056532752071
20.41754311854456,0.6327084926885275,2.2746920294022455
20.504382190653143,0.6092020963502973,2.2845924050799464
20.58539667173112,0.5914312687723544,2.2958973656909722
20.668735158559908,0.5641361906083016,2.3051921642427615
20.752444231770706,0.5350310682675878,2.315132070557504
20.84585317084703,0.4996319994692998,2.3256445909283086
20.92196831227396,0.46944132694693086,2.334313182702409
21.012594157089698,0.4365341821401757,2.34296307297351
21.03147571190188,0.42815977007264583,2.344973019317141
21.10756374809388,0.3932886792433273,2.35333114580418
21.193141464294744,0.3520262683622307,2.3627577192703253
21.268506091428463,0.3140826534851852,2.3713637882915575
21.287267767762348,0.30446234846184395,2.373490652045015
21.359212620441713,0.26676263958837676,2.3821651289049908
21.432344467438703,0.22648566997523623,2.3906260942728563
21.513712384992317,0.18061413206338695,2.4001132057854684
21.594095802323714,0.13402554274530792,2.4097674774282147
21.673682444037848,0.0853045188377769,2.4176657159172588
21.75420210632551,0.03599064873495078,2.4276309578615107
21.834701370680147,-0.015109995831399936,2.438641596059647
21.923396053708363,-0.07348971586311437,2.4508871907035443
21.993444194692497,-0.12116046810559267,2.4603384908639074
22.010846606855804,-0.13317692082021526,2.4626849600543848
22.07858549909656,-0.18223486788094462,2.46869466153122
22.1655861632011,-0.24600882729059032,2.4812964865575524
22.23384797632331,-0.2985436257366962,2.4907229668742072
22.250725393342744,-0.31169752790698185,2.4929957221229957
22.309328705711565,-0.35832783455699496,2.501143688020342
22.36945620150909,-0.4200217214744615,2.509586177279817
22.44206150774838,-0.4804096546056207,2.520049263433759
22.521384475789638,-0.5486682620615225,2.531484820903527
22.600468111301485,-0.6186588600011628,2.5429890369548533
22.676511744019823,-0.6905977129549177,2.5536298592810542
22.729771053484775,-0.7480813548080968,2.558673394008529
22.744211665080186,-0.7631617634382892,2.5610373462645173
22.836408055020648,-0.8627226423524168,2.576918640548685
22.922575967666514,-0.9631695131581088,2.59118468607065
22.929059155861424,-0.9710104584503935,2.5923056403517304
23.03241823932697,-1.0831924337992638,2.602568640901743
23.105069960902853,-1.1831198951517434,2.6164090288058586
23.110935424553375,-1.191531510542589,2.6175423099718236
23.116764416896036,-1.1999285262470158,2.618687113258585
23.157322816924314,-1.2594488565904054,2.626783846348922
23.20918227426558,-1.3379172754063844,2.6375414551171645
23.257772380598606,-1.4221342124560885,2.6393369541027254
23.310530339519488,-1.5115498105202598,2.650183375095715
23.3519856103585,-1.5850977859754376,2.6593533877696247
23.36233268360443,-1.6037629858177058,2.661710723375738
23.403044409321176,-1.6788462241948217,2.670471736235545
23.443856776990543,-1.7727743089185726,2.672388030323634
23.482390901792986,-1.8456175868433407,2.681033655578863
23.49202922665442,-1.86376058565885,2.6832429523395587
23.557398573623406,-1.9899643375463756,2.69805733929047
23.588870746556065,-2.051736561162246,2.7043696915258195
23.623730632355983,-2.1108953120757183,2.70214866950537
23.62823161389919,-2.1196889471181346,2.703022805973149
23.660057028005387,-2.181345779417503,2.7095396836415873
23.696181412812845,-2.252175135327308,2.7174046440460833
23.741428794181353,-2.34072840194555,2.7272747315992025
23.78687825716125,-2.4292495121491164,2.736449940283617
23.829801089553094,-2.5031590556472656,2.7372846884445083
23.83872746537808,-2.5206765357667207,2.7392078210295403
23.905471934635386,-2.651918160515499,2.7540421334812777
23.940283116633925,-2.7214987623012794,2.762033745043177
23.953102627080327,-2.747491445869057,2.7648233066137333
23.957325214538084,-2.756146174196692,2.7657269316816526
23.981824619585506,-2.806691595052592,2.766966478271105
24.018922506242927,-2.883126428403908,2.7747820532496115
24.055964465204955,-2.9586253794032,2.7825339778190807
24.09274063856099,-3.033058726325524,2.7906790087978206
24.128734139848362,-3.1056719928161916,2.798701261451947
24.171649977975115,-3.1778897881490313,2.8011657861143298
24.205123358351855,-3.2468308611276266,2.80905527240162
24.24031334360661,-3.320804184495501,2.8173821934975933
24.267442015535014,-3.378517147683377,2.823784622598699
24.27421294469648,-3.3927906818068063,2.825392106495452
24.342280630701957,-3.5035073873441176,2.8307134427890865
24.34570662661813,-3.510359410203466,2.8315175256767326
24.3491434070398,-3.5171985000375785,2.832324397486903
24.375996143986796,-3.5708620659441466,2.8388661157328716
24.40190409046419,-3.6232865513522716,2.8447698126800947
24.431223473278642,-3.682472848049952,2.851278073793485
24.468529268844534,-3.7342691033059174,2.849286891562684
24.501103131481795,-3.7986861046963676,2.8565762954006626
24.530026815577106,-3.8563518422113203,2.8629767258290033
24.536378715830683,-3.8690903311256113,2.8644352246749003
24.558369221658648,-3.9133167541940113,2.8696377091126415
24.58737786722058,-3.970264058373372,2.8689508120013625
24.612780871026498,-4.020331989675247,2.8743439918982996
24.619234234501167,-4.032907191316758,2.8756967612892543
24.670857641462906,-4.134247251268742,2.886639950043206
24.7001390937406,-4.1916486224883505,2.8927421187292675
24.709062767520898,-4.203462505156329,2.888155579126484
24.73567369616491,-4.254634777282719,2.8935678243967877
24.762686928433837,-4.306100790404756,2.899326899569919
24.79298489425402,-4.363797751083638,2.905145618606765
24.82683420104343,-4.4281988950776086,2.9112249264276095
24.857753019138777,-4.477171754157779,2.9101461159436552
24.864803162710412,-4.489757230972327,2.9113965162752127
24.905107628318966,-4.557555980794778,2.9186238010161243
24.95841531174014,-4.639741833295012,2.928373877025004
25.001878567657414,-4.697817308725279,2.932906452397595
25.005777241523514,-4.703590884589568,2.9335952947228687
25.069686945757873,-4.794345012542593,2.9440228680690437
25.07776113663535,-4.805405973199756,2.9452842454529553
25.109985972314824,-4.84915127528188,2.950324879922972
25.114023052694343,-4.854528127813156,2.9509090343325166
25.186344259726827,-4.940350824962567,2.955147516029074
25.225046441195225,-4.987291272094794,2.9616544551938513
25.229409334689972,-4.992424749134658,2.9623784689863735
25.233799173325338,-4.9975655139944015,2.9631071906303266
25.26926248277432,-5.038286199533484,2.9688334077353966
25.305107197126347,-5.07794266044464,2.9743357748222436
25.36701414790915,-5.1342234199565535,2.9776292375944555
25.433529691096812,-5.2017374155297915,2.9880296968443245
25.443324314069017,-5.211330937031581,2.9893522001198436
25.478310856735785,-5.244999737928051,2.99411660853215
25.518735694076184,-5.2832175587364265,2.999410761699518
25.567332034984105,-5.325516169509406,3.003162846682277
25.62386087299176,-5.375602480495757,3.010179877660779
25.6657146990056,-5.410923414196156,3.0159981301332643
25.676288621654066,-5.419560689071515,3.017483184526705
25.72460587038452,-5.457085250175723,3.024093422729409
25.776326222654056,-5.4903945446216476,3.027136650289825
25.80991087873022,-5.513860117212518,3.0309892931771576
25.871114522053045,-5.555290928434599,3.038805204976035
25.943742889112865,-5.6015813240273005,3.047637847453623
26.01967270677765,-5.645854506226197,3.0546719379085436
26.066283466551667,-5.673985476018656,3.0601525510744896
26.1069257033759,-5.697867428633288,3.0648529964323465
26.172318286262378,-5.735211893828147,3.072508563034889
26.22882791276861,-5.766196400800497,3.080104301636881
26.235089379066853,-5.769561327597165,3.0807999635939862
26.285857040195523,-5.796012159338343,3.08623260028533
26.344993375765206,-5.825164130219898,3.0922678085622213
26.41421418075214,-5.858593499525544,3.0997864235320858
26.472629573484106,-5.8862699996752985,3.1067687638959574
26.48313602113932,-5.887460485786566,3.107274019894812
26.535974223499263,-5.910740516520303,3.1130254808230173
26.60464713974865,-5.938575906811718,3.1202573717318933
26.68298278033741,-5.966784607676141,3.129345529725901
26.746141289040395,-5.987725148652765,3.1369443256009726
26.761861841543734,-5.992849218010401,3.1387441354720536
26.819171294007397,-5.999677966946118,3.138348074053416
26.889896729789243,-6.020109780993948,3.145450887376007
26.96162478182178,-6.039082317247598,3.1522730992606065
27.034271720878486,-6.056669835777091,3.1591679372252335
27.108747594384564,-6.070609832766664,3.163115619101241
27.19295253423603,-6.0865366368187725,3.171330752629316
27.260275572580575,-6.098059079929673,3.178431947007354
27.277159727481166,-6.100736811173999,3.1803130509364177
27.413101204478956,-6.119987982952627,3.1945009296202587
27.492577178813743,-6.133098227241358,3.2015277324804994
27.51003574537895,-6.134819777526714,3.20322467596613
27.579959498708693,-6.140379010022855,3.209864243446671
27.649164882581033,-6.144624410052532,3.2161232067565146
27.72668049181507,-6.147561969732838,3.224047273077859
27.807573358044504,-6.148168344253569,3.2288982380615705
27.895028976889503,-6.148195867205252,3.238442951334562
27.965967684930582,-6.147476437468376,3.2454139264141837
27.983886854906327,-6.147178585674387,3.247143998683661
28.084240434978653,-6.143968567091285,3.2574101258650643
28.202908926880603,-6.129634339355036,3.2690173461421175
28.212205218238424,-6.1288655570147546,3.269990576440578
28.22147823953891,-6.12808829410764,3.2709626195799455
28.295633782784847,-6.122095957336957,3.2788849405998155
28.379526714486992,-6.114971619784944,3.2886092441660475
28.462575289125475,-6.107101494013427,3.298009755183393
28.548558548451783,-6.10693747315687,3.3075615320210248
28.619527085124002,-6.099886735709277,3.315396894011618
28.699701533532348,-6.091797493893601,3.3247967692451716
28.71758771179927,-6.089842575043415,3.3268516139875546
28.780302801642122,-6.08244807109591,3.333543653407738
28.860935668348468,-6.070898652613527,3.342010562987298
28.94330118720875,-6.064184038677646,3.3488360254998524
29.022743744261973,-6.051007687325653,3.358865338145087
29.11044271710988,-6.035964036451969,3.369385599812313
29.180016856058035,-6.023682418125983,3.3776429850199503
29.242221248175092,-6.00380276058483,3.3834165258460143
29.259494530315802,-6.00030000106719,3.3854099208830344
29.319744723896093,-5.987319640656188,3.3923460522680142
29.405571331978155,-5.968276028579478,3.4016294202425126
29.473848555070827,-5.952345774532953,3.4093819938357246
29.550834183274866,-5.934062612442615,3.4190539834452247
29.56809660072911,-5.9297504283435005,3.421289193625011
29.674263320631656,-5.909138589849703,3.433716600676605
29.72437151789316,-5.896054135517286,3.43954734660403
29.850670733706707,-5.861075609481991,3.454802238837152
29.947031738121634,-5.857964025165225,3.464119208571099
29.96448703810423,-5.852922645754797,3.4658621871227093
30.034423619510953,-5.832069812481075,3.4724979470872013
30.10459041918292,-5.81016748847026,3.479817341159465
30.184609407698346,-5.784503616212581,3.4897217713925954
30.264431016636543,-5.758498074003351,3.499374617565914
30.364444948334164,-5.731767667700981,3.507684742477091
30.434531344025963,-5.706985104473006,3.515525272554967
30.451987293430058,-5.700578204112803,3.5175289639479645
30.5126764327981,-5.677518244807072,3.524428194884393
30.5897171802827,-5.646813521619536,3.5322747300180857
30.666714143694627,-5.6097523393119815,3.536522607451821
30.734142319376357,-5.580816271598746,3.543996658227922
30.751192662603735,-5.573390056074445,3.545836975696337
30.811109848008307,-5.54719525504454,3.551819006235927
30.887897618984358,-5.512529177079598,3.559936504258074
30.96490513873472,-5.476366125314557,3.5689098349646793
31.053587365032737,-5.439122095318976,3.572756353429524
31.131173330215557,-5.402679811433716,3.5811304348368234
31.20816969689253,-5.365757385334038,3.588840267393891
31.284785460000837,-5.3284076305654615,3.5966759806813777
31.379041912896934,-5.298733324131943,3.6034340022824938
31.447011958288936,-5.264858718025411,3.6097993861350424
31.463941001620604,-5.256282380715764,3.6113983787356845
31.52322560816249,-5.225640163952719,3.617265291028749
31.599560771468198,-5.185384492822863,3.625136608498894
31.683737461667995,-5.140133598709873,3.6342853736709477
31.751011319284228,-5.093349494478567,3.6408273903734765
31.808457044944976,-5.060657496570396,3.6477710758549042
31.881727681721745,-5.01811012933959,3.6561278801332335
31.953350579170657,-4.973890449865772,3.6641331541668545
32.029463588867536,-4.917466227170649,3.668678965223651
32.099085903757995,-4.868539422295634,3.6776753776013993
32.16931541910342,-4.818103074657868,3.687000020255549
32.239437941858625,-4.767349420553215,3.695761539800945
32.309062250088004,-4.715582897098517,3.703854442312691
32.39223116111154,-4.672346810327988,3.707385269598905
32.46931139862205,-4.613059943719606,3.7163754406588567
32.530478105765816,-4.565359218795562,3.723172969945552
32.54584729613952,-4.5533604272611585,3.7249151906578106
32.59947839802001,-4.5109944100899995,3.731062800071998
32.666992966652685,-4.462415789045994,3.7389431787124687
32.75718244463422,-4.38436011361495,3.749034141010433
32.86817287472902,-4.2853184981487535,3.7598627559151256
32.932435218553344,-4.206642046818564,3.7679136361424983
32.93962436076381,-4.19989790698186,3.768853573613478
32.982318336350154,-4.159249931149499,3.7745063214897114
33.04547870438718,-4.097793980209828,3.7816918350312023
33.16735080559039,-3.9726290816639667,3.793499186255389
33.22725626382903,-3.901870091492116,3.7952574198472937
33.24024148070303,-3.887533588725818,3.7969824006367108
33.29120504607725,-3.830390709725971,3.8044081304015838
33.34185573547269,-3.7723938354131725,3.8123712606602207
33.39868669969671,-3.707517605436481,3.8211866030939836
33.45443037068531,-3.643071691749965,3.8303183565162446
33.525285829316175,-3.58310645769062,3.8390282169349
33.57066288426757,-3.525004416527979,3.848128502946243
33.58189374586309,-3.5101998563732937,3.8503822001542516
33.663067850762545,-3.398284411363736,3.864781465932112
33.72043792099442,-3.325380812778729,3.8772489357281
33.72564128845872,-3.317625853064707,3.8784213198154225
33.73080486303964,-3.3098821305757253,3.8796080459598654
33.79153986153448,-3.21745759499277,3.8936997983486927
33.821615553182674,-3.171719716352797,3.900636486347017
33.8850020864652,-3.0734315687630063,3.91406369426062
33.89930342456798,-3.0505786906285746,3.9169781862696227
33.88753773436164,-3.0304068366045653,3.913312491950442
33.92800081800494,-2.9613887554337452,3.921374398611715
33.96614244925626,-2.892637910011558,3.929456887349618
34.00778403949585,-2.815942788762833,3.939360900746161
34.06180728137714,-2.712737039020965,3.949009997947096
34.110395547581774,-2.617853842595772,3.9610639918942696
34.1182513469261,-2.602119077703311,3.963157629132033
34.149398396348175,-2.539404344968264,3.9718119266657506
34.179816068029545,-2.4763410167733877,3.9812726703495214
34.21299169842878,-2.4066279597964453,3.9909964657325974
34.26258966227324,-2.344083971344495,3.999859037932613
34.297735849968944,-2.2694985803971983,4.010621623373623
34.325550803422196,-2.2096364449551738,4.019116410348175
34.33248498851138,-2.1948334918312526,4.021156752744033
34.35674460223719,-2.143331190574024,4.028303626172837
34.37845621913561,-2.077671826187057,4.036346790860488
34.41309305793185,-2.0019961724278637,4.0469741271399515
34.43781935388602,-1.9479847294995505,4.0549205701233
34.44492535823187,-1.9325774911172333,4.057072947539332
34.50259593815507,-1.8098439126683823,4.072779835213516
34.50121486822035,-1.7771627465864026,4.072489597681397
34.50857314649342,-1.761435489543177,4.0746159686317025
34.53103659471374,-1.7132554791193622,4.081338995681973
34.56895908739361,-1.6316900308644495,4.092047720389386
34.60744084200253,-1.550047767964502,4.102077972245685
34.63803409382987,-1.4849177453136317,4.110481040601905
34.65539594909729,-1.469470177856114,4.110427170839043
34.68308235978674,-1.412072192112284,4.118246988250162
34.719096642412914,-1.3377317178983845,4.127374452585126
34.75907188581449,-1.25566522951438,4.13657669677143
34.79045173035414,-1.1904458753837202,4.1443083398456375
34.79836098044662,-1.1739437814225673,4.146396387825249
34.846114727195015,-1.1127643872083461,4.154225987900581
34.87936813422416,-1.047793314239354,4.163029468870537
34.917072846589036,-0.9760933096973068,4.172648985367793
34.95453352450775,-0.9045612629197087,4.181567223266994
34.99218136961325,-0.8327287891444406,4.1897225702234095
35.02833440392781,-0.7430349541322389,4.194655874398858
35.06927746236295,-0.6621572494858906,4.203705268552851
35.105954465740616,-0.5892248691057231,4.21278600747678
35.114242458665316,-0.5732016747268756,4.214814029117004
35.143725584344786,-0.5169579831942932,4.221966669230826
35.17808722285959,-0.42128129218542065,4.230281679903804
35.21190415689644,-0.35517736735150107,4.238506260393048
35.22042242223117,-0.33852926664787875,4.240565123055372
35.26293156206817,-0.25541706862080793,4.248986295705104
35.34425534205734,-0.14158652898121726,4.260295730289726
35.34870147316983,-0.1332338545537166,4.2613050363389045
35.35315016665382,-0.12486361636482535,4.262340577991226
35.38457598802236,-0.06587704657323823,4.269643423289579
35.42557738847118,0.009440555596220146,4.278664773334578
35.50529742611567,0.15071608962281213,4.295641027843569
35.5749462033011,0.24511678829039785,4.3056613641450205
35.57989875182456,0.25323955741565807,4.306571891806886
35.61467100177699,0.3099510256060043,4.312963079235007
35.65569530752783,0.3753540905936623,4.3208389966853495
35.70884341850287,0.459052007760957,4.330874735822346
35.7704285760467,0.5583642716942113,4.3367207739828215
35.81479891547654,0.6244712897705068,4.3454639496360725
35.825802327095396,0.641033350921088,4.3477767738365305
35.90356038665522,0.757401037354024,4.364190721368115
35.931655889525494,0.7990415452921192,4.368729245554454
35.98251397430975,0.8731868875862225,4.375809398771105
36.02990010825582,0.9761633470634999,4.382918412333207
36.063914480216866,1.026788222357721,4.389262888188265
36.10932347028006,1.0938144568687536,4.397872657510297
36.1149843896539,1.1021704770758427,4.398978849820886
36.20012309310377,1.2278971002021346,4.415636478603617
36.21685342007862,1.2395840284893025,4.415350595361522
36.29148641536682,1.3482724922844338,4.427299390746805
36.3313424529702,1.4061640586839563,4.434509629429124
36.416801423798596,1.530783829939251,4.451962803168066
36.42829163416918,1.5472915791334296,4.454146499776383
36.5328015682046,1.6834413091103717,4.467065782267329
36.54447805317472,1.6996511920788726,4.46917714648034
36.60307267421596,1.7811257884833005,4.479717359442341
36.66152877252679,1.8637840760101645,4.490316265212534
36.73076554054697,1.989162742077463,4.505143364536423
36.78918017241884,2.0708694905008267,4.516570926273173
36.79511386523732,2.078984945171821,4.51771993718689
36.80105119728592,2.0870802174264784,4.518880425117701
36.89505267162228,2.217662270184497,4.537337621896038
36.941383965919904,2.289794029929329,4.545880690645173
36.94711472582922,2.2979985776927108,4.546706725791416
36.95287543258396,2.3062295723496584,4.547528374328824
36.993212251399626,2.3636728825892024,4.55369455944225
37.050779504803145,2.4455673388753496,4.56479804231085
37.10803755246786,2.527243581583463,4.576742072140162
37.19888623764915,2.64581542627033,4.592757253594104
37.2102423324203,2.661434090188218,4.594824706153107
37.250086601085044,2.7159682725930123,4.602348875574021
37.301412432126384,2.785289743597941,4.611719474571447
37.35208718818701,2.8535379748671774,4.621300071934474
37.40798444942943,2.947354638197732,4.6310287506255285
37.45273269940802,3.0094827887661433,4.6398813397515175
37.46404683014187,3.0250076332974363,4.642004861875914
37.55561309248932,3.1478992463591995,4.6593681052525335
37.56710779991544,3.163178367178907,4.6617039670807
37.61637492688435,3.2379580888369537,4.670299700462187
37.62222491762136,3.2458293723381093,4.671559333514719
37.662805481172285,3.3010046782320996,4.679994902680431
37.7139406530315,3.371953227740151,4.690114743840929
37.764802244471426,3.4424412277574623,4.69989612094046
37.822096652156986,3.520340799672386,4.712180418275815
37.866400550671756,3.555838618217808,4.716039808023679
37.91869795932607,3.62424472632624,4.72600178870509
37.93018552614062,3.6393772959634503,4.728191044239423
37.970429365069315,3.692483437569014,4.736173080233478
38.022132176093535,3.7607846333949126,4.745926238546096
38.07783278816576,3.836489674661962,4.752670193839806
38.129003430448606,3.9034502386064807,4.763492512516385
38.230519508175455,4.036048321312312,4.782774445008653
38.24196755380594,4.0506105523469875,4.7848378101264375
38.2818994688214,4.1014094922909194,4.792150413407119
38.3272570879679,4.191828149513544,4.797702831120852
38.377810451573,4.2583357390982135,4.807411678606217
38.42734170505548,4.323390425931698,4.816683017113104
38.47601259367767,4.387041510249467,4.826007576460841
38.526959696113124,4.439113248719045,4.829569133978451
38.58498585847883,4.513098538241831,4.840839518105002
38.626624981262346,4.565342039739103,4.848543548648757
38.63694901043519,4.5783196076397,4.850376786266962
38.672730669611084,4.623610390924139,4.856921239348539
38.72297324742503,4.688780336323246,4.867173254823055
38.76317195227659,4.722619966907983,4.869787483584471
38.77304744095171,4.73538883927551,4.871406206370859
38.851671882454724,4.835860651242724,4.884723029704833
38.89126773936757,4.886314885284659,4.892491692516069
38.901164477837334,4.898873906065174,4.89440871858892
38.94423242224834,4.971378821040726,4.896850408176949
38.98851018953227,5.027373663041343,4.904525426829426
39.03213244849581,5.082967828381729,4.912349838591784
39.07517040952354,5.137762801553122,4.920540772897759
39.084690969022255,5.150037077574201,4.922410922237328
39.15817043606726,5.249965812210662,4.929064595545357
39.167581189514095,5.262228967591037,4.930518300441087
39.2003198786032,5.304759984959234,4.935866269028505
39.2473274168507,5.365874192105506,4.944503029957165
39.30062743967574,5.433990626961636,4.95400679971947
39.34303101959629,5.4566656583776245,4.956663223960696
39.38768624940272,5.510378807698026,4.964309337389283
39.431105912664464,5.563819780051796,4.971804121466847
39.473664924552004,5.618093804850286,4.9798512157535555
39.47833029814837,5.624124474280777,4.9807561216677385
39.48299850583009,5.6301486669263765,4.981635503833786
39.52906078671675,5.680987386387101,4.981180191760226
39.56584194875162,5.728135018528041,4.98626110764675
39.60764327618849,5.780065013407213,4.990773961022709
39.649487656716374,5.83090680023973,4.995955376390952
39.69543259110148,5.886559550288895,5.003095716855707
39.73258033053197,5.9592607332110505,5.00375955883679
39.74174828329834,5.970783784822246,5.005062634488374
39.77408917168856,6.011553812760023,5.009695708181166
39.81541128963472,6.064585833772856,5.015656404070705
39.85647857408048,6.117901904113715,5.021639091292483
39.89186163799921,6.172481001170585,5.021822699739539
39.92865385129304,6.219988993842137,5.024868504365729
39.93797331683065,6.231992065309286,5.025794453059483
40.01835566106796,6.335969370723651,5.036184517225283
40.0571731347258,6.3861710752253495,5.040771510044757
40.062063327910245,6.392481773547342,5.041276481708599
40.09870135079349,6.427039801847692,5.041458833422948
40.143226642189845,6.4834241977820835,5.045812978633556
40.18973654001132,6.542709234601147,5.0529269970278055
40.22600029446464,6.590558156954515,5.059118460008073
40.23506051015271,6.6026880603815234,5.060552028505494
40.31236411605513,6.723193219118215,5.066093638868837
40.35828659854583,6.783884534795039,5.069582318232277
40.36746553971526,6.796095083345864,5.070281748590066
40.41319018889118,6.857331816825899,5.073088160801011
40.479119216666824,6.967005277520942,5.077185657100773
40.48845181689622,6.979810481523282,5.07859943742597
40.53433072580799,7.043284672228253,5.084391107438416
40.60055306965627,7.138121708635417,5.0910982716669
40.626981290264254,7.186310578410518,5.089636622140633
40.63542715742475,7.198973087371082,5.090443895335362
40.66486759457725,7.243295219305746,5.093320605353855
40.702243961210776,7.299716681049305,5.097325393394104
40.76208411544875,7.394542601860506,5.103575898300463
40.785010918331885,7.432202970160716,5.105758022249651
40.80630188583982,7.456344048883476,5.10581313263566
40.81397772614245,7.468790034519182,5.106474433954427
40.844850428069776,7.51907515148533,5.109303013959805
40.879133906874316,7.576260919522888,5.1126146901819105
40.91741524926121,7.640920803385742,5.116447731926132
40.947253031641594,7.712108018084556,5.114778645256026
40.95484157179331,7.725341016467738,5.115281042998713
40.98099524707982,7.77172801418801,5.1170925276488335
41.01398811295264,7.831764807457336,5.120034322267458
41.08066042801651,7.9559048968207335,5.127413694016967
41.100682166192136,8.03736408646245,5.127030659737878
41.104440561934084,8.044411781164875,5.127371884740663
41.13837482911363,8.108150328387415,5.130821600048682
41.17541179662802,8.179475179903095,5.134963590321543
41.20126988628442,8.22980132391753,5.137592161438066
41.22651608351913,8.285649190517479,5.137900658456942
41.258628702369045,8.350143404041997,5.1398763389523765
41.29365926039897,8.422375954210416,5.14286110396171
41.32181310238484,8.481337360213894,5.145526191089048
41.328851782375956,8.496001742107786,5.146166307766317
41.36660009314537,8.569670376902872,5.145412197021076
41.408910013215056,8.655634323481571,5.148064167161059
41.426282911197795,8.69186487434148,5.149207421970727
41.46436399644555,8.77212494963862,5.151625742329936
41.505452181085566,8.884440415327521,5.15148819712387
41.5119558182999,8.898989609677683,5.1516423586758
41.53744064323425,8.956917503728294,5.152460986535445
41.56163496362957,9.014313821695609,5.15361644849556
41.587740372909636,9.078729047926592,5.154559032915782
41.613630420628425,9.142759693086749,5.1550880553530485
41.63356951536152,9.22023719380208,5.153647252612437
41.65597366027286,9.276753217028189,5.154491343355736
41.66149990007004,9.290860940616676,5.154746073950552
41.70553498944309,9.40359977208781,5.155783827124232
41.73001903767091,9.45609402902069,5.1552620910316564
41.735396447803495,9.47032261854793,5.155329858752042
41.7538410729208,9.520012957550154,5.155563749890309
41.79914607637512,9.646106355799207,5.155581748752527
41.82640332937918,9.715053009520908,5.15358309978886
41.82885194608593,9.722004860840723,5.1535827107275285
41.84592117838396,9.770410243468593,5.153632418669721
41.867054815596354,9.832341766754151,5.15414992863892
41.887253958946545,9.89449611834502,5.155010177087143
41.90873312536924,9.962603596001,5.1549637053818484
41.924266647890676,10.039317805931132,5.153281712351372
41.92812042153477,10.053176178238626,5.153208237380421
41.946477613797896,10.12225640470868,5.152933599170308
41.95868047808494,10.170158599262294,5.153104417747038
41.97399722881239,10.232039196060274,5.153570855493849
41.98797030476553,10.287752704709623,5.153602909566726
42.0004834806872,10.35353411958418,5.151130983261322
42.01537740050657,10.415983176201957,5.151847283251926
42.030952640031764,10.486350168077017,5.153160295231501
42.04247442907083,10.542385306161393,5.154096663843162
42.045231689493356,10.556175536907274,5.1542852956525405
42.05538743686052,10.605636159921326,5.155871247625156
42.06631092024572,10.665368860502701,5.157469617057416
42.07399810802741,10.711239909634413,5.158466267944244
42.075044659198305,10.71773312206521,5.158594496449617
42.08232393607076,10.763045990915764,5.159497025691292
42.091181525011926,10.820468530148794,5.1605996339642175
42.09814533344129,10.865985689229069,5.159143910587398
42.10742956740994,10.928670878937016,5.159942780563852
42.11411565937015,10.979039071649083,5.161245004948272
42.115645030802284,10.99176207613372,5.161648842323744
42.122718662509726,11.055199809470784,5.163645863996369
42.12919660006498,11.164427635190139,5.163963391720706
42.13035640139676,11.176513317703423,5.16412106229964
42.13405296417437,11.218499365934337,5.164794621307554
42.13849998407358,11.271466141343184,5.165835703616337
42.14254155222082,11.32434100699761,5.166678546528054
42.14169364428825,11.381797478435905,5.166530988488635
42.14539516004445,11.42975561471076,5.16736090119583
42.14626676788827,11.441909185444413,5.167582035667025
42.15366052362565,11.541452517005823,5.169519137167972
42.15830481270634,11.577801805718064,5.168450368165093
42.158744976718516,11.583945914314718,5.168615877351795
42.159175766961525,11.59005794994269,5.168775192642172
42.16201889639862,11.633038373513294,5.169995606765215
42.16665304258139,11.694169500470558,5.171215968077672
42.17176464929584,11.754767849809888,5.172408940701616
42.177223759188934,11.816948203187954,5.172474065696811
42.17821701207405,11.829406472685882,5.172879354058791
42.18340732091172,11.898040414787891,5.1747171463439905
42.18992545972357,11.98600892430367,5.1766604347339475
42.19095011190148,11.998575629019115,5.176969185439488
42.194588656971085,12.049184391656867,5.178010369918675
42.19890219292721,12.123803562114551,5.178835148827867
42.20280708554626,12.182309325988465,5.180527873296295
42.206732839933224,12.24785089057144,5.183018843168975
42.209993445450216,12.30040331635357,5.184724227851041
42.210843392703,12.313361777404825,5.1850689920728295
42.215470180160175,12.353515720568037,5.1844359543281255
42.22124949713772,12.423635133044254,5.186351464283856
42.2257995367559,12.480445470231416,5.188082967801212
42.231725809008545,12.575909758464158,5.190775005589958
42.23542392915972,12.62635101018943,5.190798819804173
42.23612522005001,12.638988610151884,5.191217692175925
42.23845784480541,12.683331752078262,5.192395637228945
42.241902524806946,12.740675347367679,5.1941588864619535
42.24548175907665,12.797624329801359,5.196617049312256
42.252696292155875,12.870647933040646,5.19665321310845
42.25777367404783,12.934584055805923,5.198279751969128
42.26195970193633,12.991740610130226,5.199777096233283
42.2627678383268,13.004398479137704,5.200206310204485
42.26605712640503,13.067559583171718,5.202893663384136
42.27107500523159,13.139216080084125,5.20212546053575
42.274584733688236,13.232367462713748,5.206002219716252
42.275157092313535,13.244532594171908,5.206527900674607
42.27712667296868,13.287174497254103,5.208196136833843
42.27007481724261,13.366584370070575,5.2080749734111285
42.270897589267484,13.437031155478792,5.21164505424291
42.27090515372965,13.448768499093017,5.212304138571285
42.27099213558745,13.519017071291962,5.215076073846729
42.27093159688785,13.560244159356836,5.216639777038235
42.270561366144776,13.595374890816897,5.218121867208597
42.26674675805635,13.633754301584071,5.218003272226105
42.26486589918987,13.691004745721035,5.221184378990948
42.26314943379668,13.736030772009963,5.223258647756861
42.262664795731176,13.747257117543677,5.223730890892788
42.26109840174276,13.786339439796222,5.225407758600649
42.26998764668382,13.865127486931444,5.2222989842810525
42.26882509067366,13.915577286073487,5.224284592217383
42.26704481623731,13.971272017596023,5.226801135654827
42.26457954717399,14.025568408644197,5.230063576654202
42.249864068998534,14.09885489580511,5.2286351045291095
42.247991399084846,14.140060157199136,5.23071686283894
42.24753878050524,14.150138058061014,5.231249050532161
42.2457095868657,14.193954143636581,5.2337854685952845
42.242513109949954,14.264690604771708,5.237975998541088
42.24227971115834,14.268885197664272,5.23825802439226
42.22974044358957,14.255871290341938,5.233858501307325
42.228007943810454,14.27893975358651,5.235192328354839
42.222942512646966,14.335692267358576,5.238955018322245
42.220241414995265,14.364777833713548,5.240962418843495
42.21996347093427,14.36789170576101,5.241176024542008
42.21968363544868,14.370967404271752,5.241395101732113
42.224825694493774,14.401357872093008,5.242467418949001
42.223480927573334,14.426076471121366,5.244466293877899
42.2232613316161,14.430693250022875,5.244824475004361
42.22224539570589,14.448260844752166,5.246364273231136
42.221327009596855,14.464480971139134,5.247755359014527
42.22622999932898,14.528751432490392,5.246929754121756
42.225796422057904,14.535854099880957,5.247704743854797
42.22505301644896,14.551802420589437,5.249683467576017
42.22452854905625,14.562968940110832,5.251012486336447
42.20805755701784,14.570707871183123,5.243386845303207
42.20658183400645,14.57908814347458,5.244872753848364
42.205030942943054,14.585321730579897,5.24630842777262
42.20475345795076,14.58637986502615,5.24661755919418
42.20390434700358,14.589776868894006,5.24784192463361
